# use consistent logits to threshold
#BS 161/427 : [(0.01, 0.2, 0.8, 0.01), (0.01, 0.2, 0.9, 0.01), (0.01, 0.2, 0.9, 0.02), (0.01, 0.3, 0.9, 0.02), (0.02, 0.2, 0.9, 0.01)]
#TCF 65/141 : [(0.2, 1, 0.5, 0.01), (0.4, 1, 1, 0.1)]
#VCF 119/344 : [(0.01, 0.01, 1, 0.01), (0.01, 0.02, 1, 0.01), (0.01, 0.05, 1, 0.01), (0.01, 0.1, 1, 0.01), (0.01, 0.2, 0.8, 0.01), (0.01, 0.2, 0.9, 0.01), (0.01, 0.2, 0.9, 0.02), 
#     (0.01, 0.2, 1, 0.01), (0.01, 0.2, 1, 0.02), (0.01, 0.3, 0.8, 0.01), (0.01, 0.3, 0.9, 0.02), (0.01, 0.4, 0.8, 0.01), (0.01, 0.4, 0.9, 0.02), (0.02, 0.01, 1, 0.01), 
#     (0.02, 0.02, 1, 0.01), (0.02, 0.05, 1, 0.01), (0.02, 0.1, 1, 0.01), (0.02, 0.2, 0.8, 0.01), (0.02, 0.2, 0.9, 0.01), (0.02, 0.2, 0.9, 0.02), (0.02, 0.2, 1, 0.01), 
#     (0.02, 0.2, 1, 0.02), (0.02, 0.3, 0.8, 0.01), (0.02, 0.3, 0.9, 0.02), (0.02, 0.4, 0.8, 0.01), (0.02, 0.4, 0.9, 0.02), (0.05, 0.1, 0.8, 0.01), (0.05, 0.1, 0.9, 0.01), 
#     (0.05, 0.1, 0.9, 0.02), (0.05, 0.2, 0.8, 0.01), (0.05, 0.2, 0.9, 0.01), (0.05, 0.2, 0.9, 0.02), (0.05, 0.3, 0.8, 0.01)]
#org 2718/3315 : [(0.6, 0.6, 0.9, 0.05), (0.8, 0.6, 0.6, 0.01)]

# use original logits to threshold
#BS 159/427 : [(0.01, 0.01, 0.3, 0.01), (0.01, 0.01, 0.4, 0.01), (0.01, 0.01, 0.5, 0.01), (0.01, 0.01, 0.6, 0.01), (0.01, 0.01, 0.7, 0.01), (0.01, 0.01, 0.8, 0.01), (0.01, 0.01, 0.9, 0.01), (0.01, 0.01, 1, 0.01), (0.01, 0.02, 0.3, 0.01), (0.01, 0.02, 0.4, 0.01), (0.01, 0.02, 0.5, 0.01), (0.01, 0.02, 0.6, 0.01), (0.01, 0.02, 0.7, 0.01), (0.01, 0.02, 0.8, 0.01), (0.01, 0.02, 0.9, 0.01), (0.01, 0.02, 1, 0.01), (0.01, 0.05, 0.3, 0.01), (0.01, 0.05, 0.4, 0.01), (0.01, 0.05, 0.5, 0.01), (0.01, 0.05, 0.6, 0.01), (0.01, 0.05, 0.7, 0.01), (0.01, 0.05, 0.8, 0.01), (0.01, 0.05, 0.9, 0.01), (0.01, 0.05, 1, 0.01), (0.01, 0.1, 0.3, 0.01), (0.01, 0.1, 0.4, 0.01), (0.01, 0.1, 0.5, 0.01), (0.01, 0.1, 0.6, 0.01), (0.01, 0.1, 0.7, 0.01), (0.01, 0.1, 0.8, 0.01), (0.01, 0.1, 0.9, 0.01), (0.01, 0.1, 1, 0.01), (0.01, 0.2, 0.3, 0.01), (0.01, 0.2, 0.4, 0.01), (0.01, 0.2, 0.5, 0.01), (0.01, 0.2, 0.6, 0.01), (0.01, 0.2, 0.7, 0.01), (0.01, 0.2, 0.8, 0.01), (0.01, 0.2, 0.9, 0.01), (0.01, 0.2, 1, 0.01), (0.01, 0.3, 0.3, 0.01), (0.01, 0.3, 0.4, 0.01), (0.01, 0.3, 0.5, 0.01), (0.01, 0.3, 0.6, 0.01), (0.01, 0.3, 0.7, 0.01), (0.01, 0.3, 0.8, 0.01), (0.01, 0.3, 0.9, 0.01), (0.01, 0.3, 1, 0.01), (0.01, 0.4, 0.3, 0.01), (0.01, 0.4, 0.4, 0.01), (0.01, 0.4, 0.5, 0.01), (0.01, 0.4, 0.6, 0.01), (0.01, 0.4, 0.7, 0.01), (0.01, 0.4, 0.8, 0.01), (0.01, 0.4, 0.9, 0.01), (0.01, 0.4, 1, 0.01), (0.01, 0.5, 0.3, 0.01), (0.01, 0.5, 0.4, 0.01), (0.01, 0.5, 0.5, 0.01), (0.01, 0.5, 0.6, 0.01), (0.01, 0.5, 0.7, 0.01), (0.01, 0.5, 0.8, 0.01), (0.01, 0.5, 0.9, 0.01), (0.01, 0.5, 1, 0.01), (0.01, 0.6, 0.2, 0.01), (0.01, 0.6, 0.3, 0.01), (0.01, 0.6, 0.4, 0.01), (0.01, 0.6, 0.5, 0.01), (0.01, 0.6, 0.6, 0.01), (0.01, 0.6, 0.7, 0.01), (0.01, 0.6, 0.8, 0.01), (0.01, 0.6, 0.9, 0.01), (0.01, 0.6, 1, 0.01), (0.01, 0.7, 0.2, 0.01), (0.01, 0.7, 0.3, 0.01), (0.01, 0.7, 0.4, 0.01), (0.01, 0.7, 0.5, 0.01), (0.01, 0.7, 0.6, 0.01), (0.01, 0.7, 0.7, 0.01), (0.01, 0.7, 0.8, 0.01), (0.01, 0.7, 0.9, 0.01), (0.01, 0.7, 1, 0.01), (0.01, 0.8, 0.2, 0.01), (0.01, 0.8, 0.3, 0.01), (0.01, 0.8, 0.4, 0.01), (0.01, 0.8, 0.5, 0.01), (0.01, 0.8, 0.6, 0.01), (0.01, 0.8, 0.7, 0.01), (0.01, 0.8, 0.8, 0.01), (0.01, 0.8, 0.9, 0.01), (0.01, 0.8, 1, 0.01), (0.01, 0.9, 0.2, 0.01), (0.01, 0.9, 0.3, 0.01), (0.01, 0.9, 0.4, 0.01), (0.01, 0.9, 0.5, 0.01), (0.01, 0.9, 0.6, 0.01), (0.01, 0.9, 0.7, 0.01), (0.01, 0.9, 0.8, 0.01), (0.01, 0.9, 0.9, 0.01), (0.01, 0.9, 1, 0.01), (0.01, 1, 0.2, 0.01), (0.01, 1, 0.3, 0.01), (0.01, 1, 0.4, 0.01), (0.01, 1, 0.5, 0.01), (0.01, 1, 0.6, 0.01), (0.01, 1, 0.7, 0.01), (0.01, 1, 0.8, 0.01), (0.01, 1, 0.9, 0.01), (0.01, 1, 1, 0.01), (0.02, 0.01, 0.5, 0.01), (0.02, 0.01, 0.6, 0.01), (0.02, 0.01, 0.7, 0.01), (0.02, 0.01, 0.8, 0.01), (0.02, 0.01, 0.9, 0.01), (0.02, 0.01, 1, 0.01), (0.02, 0.02, 0.5, 0.01), (0.02, 0.02, 0.6, 0.01), (0.02, 0.02, 0.7, 0.01), (0.02, 0.02, 0.8, 0.01), (0.02, 0.02, 0.9, 0.01), (0.02, 0.02, 1, 0.01), (0.02, 0.05, 0.5, 0.01), (0.02, 0.05, 0.6, 0.01), (0.02, 0.05, 0.7, 0.01), (0.02, 0.05, 0.8, 0.01), (0.02, 0.05, 0.9, 0.01), (0.02, 0.05, 1, 0.01), (0.02, 0.1, 0.5, 0.01), (0.02, 0.1, 0.6, 0.01), (0.02, 0.1, 0.7, 0.01), (0.02, 0.1, 0.8, 0.01), (0.02, 0.1, 0.9, 0.01), (0.02, 0.1, 1, 0.01), (0.02, 0.2, 0.5, 0.01), (0.02, 0.2, 0.6, 0.01), (0.02, 0.2, 0.7, 0.01), (0.02, 0.2, 0.8, 0.01), (0.02, 0.2, 0.9, 0.01), (0.02, 0.2, 1, 0.01), (0.02, 0.3, 0.5, 0.01), (0.02, 0.3, 0.6, 0.01), (0.02, 0.3, 0.7, 0.01), (0.02, 0.3, 0.8, 0.01), (0.02, 0.3, 0.9, 0.01), (0.02, 0.3, 1, 0.01), (0.02, 0.4, 0.5, 0.01), (0.02, 0.4, 0.6, 0.01), (0.02, 0.4, 0.7, 0.01), (0.02, 0.4, 0.8, 0.01), (0.02, 0.4, 0.9, 0.01), (0.02, 0.4, 1, 0.01), (0.02, 0.5, 0.5, 0.01), (0.02, 0.5, 0.6, 0.01), (0.02, 0.5, 0.7, 0.01), (0.02, 0.5, 0.8, 0.01), (0.02, 0.5, 0.9, 0.01), (0.02, 0.5, 1, 0.01), (0.02, 0.6, 0.4, 0.01), (0.02, 0.6, 0.5, 0.01), (0.02, 0.6, 0.6, 0.01), (0.02, 0.6, 0.7, 0.01), (0.02, 0.6, 0.8, 0.01), (0.02, 0.6, 0.9, 0.01), (0.02, 0.6, 1, 0.01), (0.02, 0.7, 0.4, 0.01), (0.02, 0.7, 0.5, 0.01), (0.02, 0.7, 0.6, 0.01), (0.02, 0.7, 0.7, 0.01), (0.02, 0.7, 0.8, 0.01), (0.02, 0.7, 0.9, 0.01), (0.02, 0.7, 1, 0.01), (0.02, 0.8, 0.4, 0.01), (0.02, 0.8, 0.5, 0.01), (0.02, 0.8, 0.6, 0.01), (0.02, 0.8, 0.7, 0.01), (0.02, 0.8, 0.8, 0.01), (0.02, 0.8, 0.9, 0.01), (0.02, 0.8, 1, 0.01), (0.02, 0.9, 0.4, 0.01), (0.02, 0.9, 0.5, 0.01), (0.02, 0.9, 0.6, 0.01), (0.02, 0.9, 0.7, 0.01), (0.02, 0.9, 0.8, 0.01), (0.02, 0.9, 0.9, 0.01), (0.02, 0.9, 1, 0.01), (0.02, 1, 0.4, 0.01), (0.02, 1, 0.5, 0.01), (0.02, 1, 0.6, 0.01), (0.02, 1, 0.7, 0.01), (0.02, 1, 0.8, 0.01), (0.02, 1, 0.9, 0.01), (0.02, 1, 1, 0.01), (0.05, 0.6, 1, 0.01), (0.05, 0.7, 1, 0.01), (0.05, 0.8, 1, 0.01), (0.05, 0.9, 1, 0.01), (0.05, 1, 0.9, 0.01), (0.05, 1, 1, 0.01)]
#TCF 66/141 : [(0.2, 0.3, 0.3, 0.1), (0.3, 0.3, 0.5, 0.1), (0.3, 0.4, 0.4, 0.1), (0.4, 0.3, 0.6, 0.1), (0.5, 0.3, 0.7, 0.1), (0.5, 0.3, 0.8, 0.1), (0.5, 0.4, 0.7, 0.1), (0.6, 0.3, 0.9, 0.1), (0.6, 0.3, 1, 0.1), (0.6, 0.4, 0.8, 0.1), (0.7, 0.3, 1, 0.1), (0.7, 0.4, 1, 0.1)]
#VCF 116/344 :  [(0.01, 0.01, 0.3, 0.01), (0.01, 0.01, 0.4, 0.01), (0.01, 0.01, 0.5, 0.01), (0.01, 0.01, 0.6, 0.01), (0.01, 0.01, 0.7, 0.01), (0.01, 0.01, 0.8, 0.01), (0.01, 0.01, 0.9, 0.01), (0.01, 0.01, 1, 0.01), (0.01, 0.02, 0.3, 0.01), (0.01, 0.02, 0.4, 0.01), (0.01, 0.02, 0.5, 0.01), (0.01, 0.02, 0.6, 0.01), (0.01, 0.02, 0.7, 0.01), (0.01, 0.02, 0.8, 0.01), (0.01, 0.02, 0.9, 0.01), (0.01, 0.02, 1, 0.01), (0.01, 0.05, 0.3, 0.01), (0.01, 0.05, 0.4, 0.01), (0.01, 0.05, 0.5, 0.01), (0.01, 0.05, 0.6, 0.01), (0.01, 0.05, 0.7, 0.01), (0.01, 0.05, 0.8, 0.01), (0.01, 0.05, 0.9, 0.01), (0.01, 0.05, 1, 0.01), (0.01, 0.1, 0.3, 0.01), (0.01, 0.1, 0.4, 0.01), (0.01, 0.1, 0.5, 0.01), (0.01, 0.1, 0.6, 0.01), (0.01, 0.1, 0.7, 0.01), (0.01, 0.1, 0.8, 0.01), (0.01, 0.1, 0.9, 0.01), (0.01, 0.1, 1, 0.01), (0.01, 0.2, 0.3, 0.01), (0.01, 0.2, 0.4, 0.01), (0.01, 0.2, 0.5, 0.01), (0.01, 0.2, 0.6, 0.01), (0.01, 0.2, 0.7, 0.01), (0.01, 0.2, 0.8, 0.01), (0.01, 0.2, 0.9, 0.01), (0.01, 0.2, 1, 0.01), (0.01, 0.3, 0.3, 0.01), (0.01, 0.3, 0.4, 0.01), (0.01, 0.3, 0.5, 0.01), (0.01, 0.3, 0.6, 0.01), (0.01, 0.3, 0.7, 0.01), (0.01, 0.3, 0.8, 0.01), (0.01, 0.3, 0.9, 0.01), (0.01, 0.3, 1, 0.01), (0.01, 0.4, 0.3, 0.01), (0.01, 0.4, 0.4, 0.01), (0.01, 0.4, 0.5, 0.01), (0.01, 0.4, 0.6, 0.01), (0.01, 0.4, 0.7, 0.01), (0.01, 0.4, 0.8, 0.01), (0.01, 0.4, 0.9, 0.01), (0.01, 0.4, 1, 0.01), (0.01, 0.5, 0.3, 0.01), (0.01, 0.5, 0.4, 0.01), (0.01, 0.5, 0.5, 0.01), (0.01, 0.5, 0.6, 0.01), (0.01, 0.5, 0.7, 0.01), (0.01, 0.5, 0.8, 0.01), (0.01, 0.5, 0.9, 0.01), (0.01, 0.5, 1, 0.01), (0.01, 0.6, 0.2, 0.01), (0.01, 0.6, 0.3, 0.01), (0.01, 0.6, 0.4, 0.01), (0.01, 0.6, 0.5, 0.01), (0.01, 0.6, 0.6, 0.01), (0.01, 0.6, 0.7, 0.01), (0.01, 0.6, 0.8, 0.01), (0.01, 0.6, 0.9, 0.01), (0.01, 0.6, 1, 0.01), (0.01, 0.7, 0.2, 0.01), (0.01, 0.7, 0.3, 0.01), (0.01, 0.7, 0.4, 0.01), (0.01, 0.7, 0.5, 0.01), (0.01, 0.7, 0.6, 0.01), (0.01, 0.7, 0.7, 0.01), (0.01, 0.7, 0.8, 0.01), (0.01, 0.7, 0.9, 0.01), (0.01, 0.7, 1, 0.01), (0.01, 0.8, 0.2, 0.01), (0.01, 0.8, 0.3, 0.01), (0.01, 0.8, 0.4, 0.01), (0.01, 0.8, 0.5, 0.01), (0.01, 0.8, 0.6, 0.01), (0.01, 0.8, 0.7, 0.01), (0.01, 0.8, 0.8, 0.01), (0.01, 0.8, 0.9, 0.01), (0.01, 0.8, 1, 0.01), (0.01, 0.9, 0.2, 0.01), (0.01, 0.9, 0.3, 0.01), (0.01, 0.9, 0.4, 0.01), (0.01, 0.9, 0.5, 0.01), (0.01, 0.9, 0.6, 0.01), (0.01, 0.9, 0.7, 0.01), (0.01, 0.9, 0.8, 0.01), (0.01, 0.9, 0.9, 0.01), (0.01, 0.9, 1, 0.01), (0.01, 1, 0.2, 0.01), (0.01, 1, 0.3, 0.01), (0.01, 1, 0.4, 0.01), (0.01, 1, 0.5, 0.01), (0.01, 1, 0.6, 0.01), (0.01, 1, 0.7, 0.01), (0.01, 1, 0.8, 0.01), (0.01, 1, 0.9, 0.01), (0.01, 1, 1, 0.01), (0.02, 0.01, 0.3, 0.01), (0.02, 0.01, 0.5, 0.01), (0.02, 0.01, 0.6, 0.01), (0.02, 0.01, 0.7, 0.01), (0.02, 0.01, 0.8, 0.01), (0.02, 0.01, 0.9, 0.01), (0.02, 0.01, 1, 0.01), (0.02, 0.02, 0.3, 0.01), (0.02, 0.02, 0.5, 0.01), (0.02, 0.02, 0.6, 0.01), (0.02, 0.02, 0.7, 0.01), (0.02, 0.02, 0.8, 0.01), (0.02, 0.02, 0.9, 0.01), (0.02, 0.02, 1, 0.01), (0.02, 0.05, 0.3, 0.01), (0.02, 0.05, 0.5, 0.01), (0.02, 0.05, 0.6, 0.01), (0.02, 0.05, 0.7, 0.01), (0.02, 0.05, 0.8, 0.01), (0.02, 0.05, 0.9, 0.01), (0.02, 0.05, 1, 0.01), (0.02, 0.1, 0.3, 0.01), (0.02, 0.1, 0.5, 0.01), (0.02, 0.1, 0.6, 0.01), (0.02, 0.1, 0.7, 0.01), (0.02, 0.1, 0.8, 0.01), (0.02, 0.1, 0.9, 0.01), (0.02, 0.1, 1, 0.01), (0.02, 0.2, 0.3, 0.01), (0.02, 0.2, 0.5, 0.01), (0.02, 0.2, 0.6, 0.01), (0.02, 0.2, 0.7, 0.01), (0.02, 0.2, 0.8, 0.01), (0.02, 0.2, 0.9, 0.01), (0.02, 0.2, 1, 0.01), (0.02, 0.3, 0.3, 0.01), (0.02, 0.3, 0.5, 0.01), (0.02, 0.3, 0.6, 0.01), (0.02, 0.3, 0.7, 0.01), (0.02, 0.3, 0.8, 0.01), (0.02, 0.3, 0.9, 0.01), (0.02, 0.3, 1, 0.01), (0.02, 0.4, 0.3, 0.01), (0.02, 0.4, 0.5, 0.01), (0.02, 0.4, 0.6, 0.01), (0.02, 0.4, 0.7, 0.01), (0.02, 0.4, 0.8, 0.01), (0.02, 0.4, 0.9, 0.01), (0.02, 0.4, 1, 0.01), (0.02, 0.5, 0.5, 0.01), (0.02, 0.5, 0.6, 0.01), (0.02, 0.5, 0.7, 0.01), (0.02, 0.5, 0.8, 0.01), (0.02, 0.5, 0.9, 0.01), (0.02, 0.5, 1, 0.01), (0.02, 0.6, 0.4, 0.01), (0.02, 0.6, 0.5, 0.01), (0.02, 0.6, 0.6, 0.01), (0.02, 0.6, 0.7, 0.01), (0.02, 0.6, 0.8, 0.01), (0.02, 0.6, 0.9, 0.01), (0.02, 0.6, 1, 0.01), (0.02, 0.7, 0.4, 0.01), (0.02, 0.7, 0.5, 0.01), (0.02, 0.7, 0.6, 0.01), (0.02, 0.7, 0.7, 0.01), (0.02, 0.7, 0.8, 0.01), (0.02, 0.7, 0.9, 0.01), (0.02, 0.7, 1, 0.01), (0.02, 0.8, 0.4, 0.01), (0.02, 0.8, 0.5, 0.01), (0.02, 0.8, 0.6, 0.01), (0.02, 0.8, 0.7, 0.01), (0.02, 0.8, 0.8, 0.01), (0.02, 0.8, 0.9, 0.01), (0.02, 0.8, 1, 0.01), (0.02, 0.9, 0.4, 0.01), (0.02, 0.9, 0.5, 0.01), (0.02, 0.9, 0.6, 0.01), (0.02, 0.9, 0.7, 0.01), (0.02, 0.9, 0.8, 0.01), (0.02, 0.9, 0.9, 0.01), (0.02, 0.9, 1, 0.01), (0.02, 1, 0.4, 0.01), (0.02, 1, 0.5, 0.01), (0.02, 1, 0.6, 0.01), (0.02, 1, 0.7, 0.01), (0.02, 1, 0.8, 0.01), (0.02, 1, 0.9, 0.01), (0.02, 1, 1, 0.01), (0.05, 0.01, 0.8, 0.01), (0.05, 0.01, 0.9, 0.01), (0.05, 0.02, 0.8, 0.01), (0.05, 0.02, 0.9, 0.01), (0.05, 0.05, 0.8, 0.01), (0.05, 0.05, 0.9, 0.01), (0.05, 0.1, 0.7, 0.01), (0.05, 0.1, 0.8, 0.01), (0.05, 0.1, 0.9, 0.01), (0.05, 0.2, 0.7, 0.01), (0.05, 0.2, 0.8, 0.01), (0.05, 0.2, 0.9, 0.01), (0.05, 0.3, 0.7, 0.01), (0.05, 0.3, 0.8, 0.01), (0.05, 0.4, 0.7, 0.01), (0.05, 0.5, 0.7, 0.01), (0.05, 0.6, 1, 0.01), (0.05, 0.7, 1, 0.01), (0.05, 0.8, 0.9, 0.01), (0.05, 0.8, 1, 0.01), (0.05, 0.9, 0.9, 0.01), (0.05, 0.9, 1, 0.01), (0.05, 1, 0.8, 0.01), (0.05, 1, 0.9, 0.01), (0.05, 1, 1, 0.01)]
#org 2717 / 3315 : [(0.4, 0.6, 0.5, 0.05), (0.4, 0.6, 0.5, 0.1), (0.7, 0.9, 1, 0.05), (0.8, 0.6, 1, 0.05), (0.8, 0.6, 1, 0.1)]

# BS Subset Hyper Parameters
"Qwen2-VL-7B-SCI-b001a02g08t001": partial(
    Qwen2VLChat,
    model_path="/home/couser/checkpoints/Qwen2-VL-7B-Instruct",
    min_pixels=1280 * 28 * 28,
    max_pixels=16384 * 28 * 28,
    model_name="Qwen2-VL-7B-SCI",
    dump_path=None,
    dtype=torch.bfloat16,
    visual_type="SCI",    # default, vcf_color0, vcf_noise500, VCD
    textual_type="SCI",   # default, tcf_v1, tcf_v2
    beta=0.01,
    alpha=0.2,
    gamma=0.8,
    theta=0.01,
),

# TCF Subset Hyper Parameters
"Qwen2-VL-7B-SCI-b08a06g06t001": partial(
    Qwen2VLChat,
    model_path="/home/couser/checkpoints/Qwen2-VL-7B-Instruct",
    min_pixels=1280 * 28 * 28,
    max_pixels=16384 * 28 * 28,
    model_name="Qwen2-VL-7B-SCI",
    dump_path=None,
    dtype=torch.bfloat16,
    visual_type="SCI",    # default, vcf_color0, vcf_noise500, VCD
    textual_type="SCI",   # default, tcf_v1, tcf_v2
    beta=0.8,
    alpha=0.6,
    gamma=0.6,
    theta=0.01,
),

# Original Hyper Parameters
"Qwen2-VL-7B-SCI-b02a1g05t001": partial(
    Qwen2VLChat,
    model_path="/home/couser/checkpoints/Qwen2-VL-7B-Instruct",
    min_pixels=1280 * 28 * 28,
    max_pixels=16384 * 28 * 28,
    model_name="Qwen2-VL-7B-SCI",
    dump_path=None,
    dtype=torch.bfloat16,
    visual_type="SCI",    # default, vcf_color0, vcf_noise500, VCD
    textual_type="SCI",   # default, tcf_v1, tcf_v2
    beta=0.2,
    alpha=1.0,
    gamma=0.5,
    theta=0.01,
),



# BS Subset Hyper Parameters
# [(0.05, 0.1, 0.2), (0.1, 0.1, 0.4), (0.2, 0.1, 0.8)]
"Qwen2-VL-7B-SCI-b01a01g04": partial(
    Qwen2VLChat,
    model_path="/home/couser/checkpoints/Qwen2-VL-7B-Instruct",
    min_pixels=1280 * 28 * 28,
    max_pixels=16384 * 28 * 28,
    model_name="Qwen2-VL-7B-SCI",
    dump_path=None,
    dtype=torch.bfloat16,
    visual_type="SCI",    # default, vcf_color0, vcf_noise500, VCD
    textual_type="SCI",   # default, tcf_v1, tcf_v2
    beta=0.1,
    alpha=0.1,
    gamma=0.4,
),

"Qwen2-VL-7B-SCI-b02a01g08": partial(
    Qwen2VLChat,
    model_path="/home/couser/checkpoints/Qwen2-VL-7B-Instruct",
    min_pixels=1280 * 28 * 28,
    max_pixels=16384 * 28 * 28,
    model_name="Qwen2-VL-7B-SCI",
    dump_path=None,
    dtype=torch.bfloat16,
    visual_type="SCI",    # default, vcf_color0, vcf_noise500, VCD
    textual_type="SCI",   # default, tcf_v1, tcf_v2
    beta=0.2,
    alpha=0.1,
    gamma=0.8,
),

# [(0.3, 0.01, 1), (0.3, 0.02, 1), (0.3, 0.05, 1)]
"Qwen2-VL-7B-SCI-b03a002g1": partial(
    Qwen2VLChat,
    model_path="/home/couser/checkpoints/Qwen2-VL-7B-Instruct",
    min_pixels=1280 * 28 * 28,
    max_pixels=16384 * 28 * 28,
    model_name="Qwen2-VL-7B-SCI",
    dump_path=None,
    dtype=torch.bfloat16,
    visual_type="SCI",    # default, vcf_color0, vcf_noise500, VCD
    textual_type="SCI",   # default, tcf_v1, tcf_v2
    beta=0.3,
    alpha=0.02,
    gamma=1,
),

"Qwen2-VL-7B-SCI-b03a005g1": partial(
    Qwen2VLChat,
    model_path="/home/couser/checkpoints/Qwen2-VL-7B-Instruct",
    min_pixels=1280 * 28 * 28,
    max_pixels=16384 * 28 * 28,
    model_name="Qwen2-VL-7B-SCI",
    dump_path=None,
    dtype=torch.bfloat16,
    visual_type="SCI",    # default, vcf_color0, vcf_noise500, VCD
    textual_type="SCI",   # default, tcf_v1, tcf_v2
    beta=0.3,
    alpha=0.05,
    gamma=1,
),

# Bias Subset Hyper Parameters
# [(0.01, 0.01, 0.05), (0.01, 0.02, 0.05), (0.01, 0.05, 0.05), 
# (0.01, 0.1, 0.05), (0.02, 0.01, 0.1), (0.02, 0.02, 0.1), 
# (0.02, 0.05, 0.1), (0.02, 0.1, 0.1), (0.1, 0.01, 0.5), 
# (0.1, 0.02, 0.5), (0.1, 0.05, 0.5), (0.1, 0.1, 0.5), 
# (0.2, 0.01, 1), (0.2, 0.02, 1), (0.2, 0.05, 1), (0.2, 0.1, 1)]
"Qwen2-VL-7B-SCI-b01a01g05": partial(
    Qwen2VLChat,
    model_path="/home/couser/checkpoints/Qwen2-VL-7B-Instruct",
    min_pixels=1280 * 28 * 28,
    max_pixels=16384 * 28 * 28,
    model_name="Qwen2-VL-7B-SCI",
    dump_path=None,
    dtype=torch.bfloat16,
    visual_type="SCI",    # default, vcf_color0, vcf_noise500, VCD
    textual_type="SCI",   # default, tcf_v1, tcf_v2
    beta=0.1,
    alpha=0.1,
    gamma=0.5,
),

"Qwen2-VL-7B-SCI-b02a01g1": partial(
    Qwen2VLChat,
    model_path="/home/couser/checkpoints/Qwen2-VL-7B-Instruct",
    min_pixels=1280 * 28 * 28,
    max_pixels=16384 * 28 * 28,
    model_name="Qwen2-VL-7B-SCI",
    dump_path=None,
    dtype=torch.bfloat16,
    visual_type="SCI",    # default, vcf_color0, vcf_noise500, VCD
    textual_type="SCI",   # default, tcf_v1, tcf_v2
    beta=0.2,
    alpha=0.1,
    gamma=1.0,
),

#[(0.05, 0.1, 0.2), (0.1, 0.1, 0.4), (0.2, 0.1, 0.8)]
"Qwen2-VL-7B-SCI-b005a01g02": partial(
    Qwen2VLChat,
    model_path="/home/couser/checkpoints/Qwen2-VL-7B-Instruct",
    min_pixels=1280 * 28 * 28,
    max_pixels=16384 * 28 * 28,
    model_name="Qwen2-VL-7B-SCI",
    dump_path=None,
    dtype=torch.bfloat16,
    visual_type="SCI",    # default, vcf_color0, vcf_noise500, VCD
    textual_type="SCI",   # default, tcf_v1, tcf_v2
    beta=0.05,
    alpha=0.1,
    gamma=0.2,
),

# Sensitivity Subset Hyper Parameters
# [(0.01, 0.8, 0.02), (0.01, 0.9, 0.02), (0.01, 1, 0.02), (0.02, 0.4, 0.01), (0.02, 1, 0.05), (0.05, 0.4, 0.02), (0.05, 0.5, 0.02), (0.05, 0.8, 0.1), (0.05, 0.9, 0.1), (0.05, 1, 0.1), (0.1, 0.01, 0.3), (0.1, 0.02, 0.3), 
# (0.1, 0.1, 0.3), (0.1, 0.4, 0.05), (0.1, 0.7, 0.3), (0.1, 0.8, 0.2), (0.1, 0.8, 0.3), (0.1, 0.9, 0.2), (0.1, 1, 0.2), (0.2, 0.01, 0.6), (0.2, 0.02, 0.6), (0.2, 0.1, 0.6), (0.2, 0.4, 0.1), (0.2, 0.7, 0.6), (0.2, 0.8, 0.4), 
# (0.2, 0.8, 0.6), (0.2, 0.9, 0.4), (0.2, 1, 0.4), (0.2, 1, 0.5), (0.3, 0.01, 0.9), (0.3, 0.02, 0.9), (0.3, 0.1, 0.9), (0.3, 0.5, 1), (0.3, 0.6, 0.5), (0.3, 0.6, 0.7), (0.3, 0.7, 0.9), (0.3, 0.8, 0.6), (0.3, 0.8, 0.9), (0.3, 0.9, 0.4), 
# (0.3, 0.9, 0.6), (0.3, 0.9, 0.8), (0.3, 1, 0.6), (0.4, 0.2, 0.5), (0.4, 0.4, 0.2), (0.4, 0.6, 0.9), (0.4, 0.7, 0.9), (0.4, 0.8, 0.8), (0.4, 0.8, 0.9), (0.4, 0.9, 0.5), (0.4, 0.9, 0.8), (0.4, 1, 0.5), (0.4, 1, 0.7), (0.4, 1, 0.8), 
# (0.4, 1, 1), (0.5, 0.4, 0.2), (0.5, 0.5, 0.2), (0.5, 0.6, 0.8), (0.5, 0.8, 1), (0.5, 0.9, 0.6), (0.5, 0.9, 1), (0.5, 1, 0.6), (0.5, 1, 0.9), (0.5, 1, 1), (0.6, 0.4, 0.3), (0.6, 0.6, 1), (0.6, 0.9, 0.7), (0.6, 0.9, 0.8), (0.6, 1, 0.7), 
# (0.7, 0.2, 0.9), (0.7, 0.4, 0.3), (0.7, 0.9, 0.9), (0.7, 1, 0.8), (0.8, 0.2, 1), (0.8, 0.4, 0.4), (0.8, 0.5, 0.3), (0.8, 0.6, 0.7), (0.8, 0.9, 1), (0.8, 1, 0.9), (0.8, 1, 1), (0.9, 0.4, 0.4), (1, 0.4, 0.4), (1, 0.4, 0.5), (1, 0.5, 0.4)]
"Qwen2-VL-7B-SCI-b01a01g03": partial(
    Qwen2VLChat,
    model_path="/home/couser/checkpoints/Qwen2-VL-7B-Instruct",
    min_pixels=1280 * 28 * 28,
    max_pixels=16384 * 28 * 28,
    model_name="Qwen2-VL-7B-SCI",
    dump_path=None,
    dtype=torch.bfloat16,
    visual_type="SCI",    # default, vcf_color0, vcf_noise500, VCD
    textual_type="SCI",   # default, tcf_v1, tcf_v2
    beta=0.1,
    alpha=0.1,
    gamma=0.3,
),

"Qwen2-VL-7B-SCI-b02a01g06": partial(
    Qwen2VLChat,
    model_path="/home/couser/checkpoints/Qwen2-VL-7B-Instruct",
    min_pixels=1280 * 28 * 28,
    max_pixels=16384 * 28 * 28,
    model_name="Qwen2-VL-7B-SCI",
    dump_path=None,
    dtype=torch.bfloat16,
    visual_type="SCI",    # default, vcf_color0, vcf_noise500, VCD
    textual_type="SCI",   # default, tcf_v1, tcf_v2
    beta=0.2,
    alpha=0.1,
    gamma=0.6,
),

# [(0.3, 0.02, 0.4), (0.6, 0.02, 0.8)]
"Qwen2-VL-7B-SCI-b03a002g04": partial(
    Qwen2VLChat,
    model_path="/home/couser/checkpoints/Qwen2-VL-7B-Instruct",
    min_pixels=1280 * 28 * 28,
    max_pixels=16384 * 28 * 28,
    model_name="Qwen2-VL-7B-SCI",
    dump_path=None,
    dtype=torch.bfloat16,
    visual_type="SCI",    # default, vcf_color0, vcf_noise500, VCD
    textual_type="SCI",   # default, tcf_v1, tcf_v2
    beta=0.3,
    alpha=0.02,
    gamma=0.4,
),

"Qwen2-VL-7B-SCI-b06a002g08": partial(
    Qwen2VLChat,
    model_path="/home/couser/checkpoints/Qwen2-VL-7B-Instruct",
    min_pixels=1280 * 28 * 28,
    max_pixels=16384 * 28 * 28,
    model_name="Qwen2-VL-7B-SCI",
    dump_path=None,
    dtype=torch.bfloat16,
    visual_type="SCI",    # default, vcf_color0, vcf_noise500, VCD
    textual_type="SCI",   # default, tcf_v1, tcf_v2
    beta=0.6,
    alpha=0.02,
    gamma=0.8,
),

# Original Dataset Hyper Parameters
# [(0.4, 0.6, 0.3), (0.8, 0.6, 0.6)]
"Qwen2-VL-7B-SCI-b04a06g03": partial(
    Qwen2VLChat,
    model_path="/home/couser/checkpoints/Qwen2-VL-7B-Instruct",
    min_pixels=1280 * 28 * 28,
    max_pixels=16384 * 28 * 28,
    model_name="Qwen2-VL-7B-SCI",
    dump_path=None,
    dtype=torch.bfloat16,
    visual_type="SCI",    # default, vcf_color0, vcf_noise500, VCD
    textual_type="SCI",   # default, tcf_v1, tcf_v2
    beta=0.4,
    alpha=0.6,
    gamma=0.3,
),

"Qwen2-VL-7B-SCI-b08a06g06": partial(
    Qwen2VLChat,
    model_path="/home/couser/checkpoints/Qwen2-VL-7B-Instruct",
    min_pixels=1280 * 28 * 28,
    max_pixels=16384 * 28 * 28,
    model_name="Qwen2-VL-7B-SCI",
    dump_path=None,
    dtype=torch.bfloat16,
    visual_type="SCI",    # default, vcf_color0, vcf_noise500, VCD
    textual_type="SCI",   # default, tcf_v1, tcf_v2
    beta=0.8,
    alpha=0.6,
    gamma=0.6,
),